2490791 3443
2536354 3436
2574845 3511
2606071 3523
2618315 3569
2645586 3620
2658123 3571
2694063 3573
2724262 3430
2739766 3495
2752465 3651
2787542 3624
2823728 3724
2846965 3723
2869453 3694
2889396 3652
2897898 3697
2901027 3711
2930611 3789
2963386 3879
2990066 3928
3013273 3899
3031166 3930
3044872 4002
3054482 3905
3057397 3871
3081690 3889
3097335 3830
3117718 3859
3133541 4019
3152322 3942
3176862 4017
3199443 4006
3211388 3993
3213526 4061
3232608 4002
3245698 4059
3250701 4023
3253834 3958
3285831 4053
3284802 4114
3308476 4113
3333464 3987
3329005 4058
3358558 4057
3377113 4055
3386058 4053
3391556 4188
3409506 4155
3426003 4132
3435289 4156
3447897 4168
3450627 4246
3456054 4229
3464593 4165
3486539 4163
3493582 4145
3510163 4226
3528624 4284
3540322 4284
3566934 4293
3572422 4228
3573922 4246
3578069 4258
3578838 4254
3563250 4205
3582652 4223
3585411 4456
3572380 4441
3579092 4295
3581158 4320
3592336 4320
3582672 4361
3589035 4264
3591173 4185
3606307 4252
3607391 4301
3611225 4305
3611645 4289
3618144 4321
3614922 4397
3618147 4392
3635378 4471
3644119 4439
3638130 4313
3640688 4340
3643644 4358
3648254 4333
3643548 4266
3660203 4299
3656938 4344
3655799 4363
3651758 4425
3644313 4424
3649512 4499
3637197 4482
3647952 4482
3640904 4506
3634251 4337
3631119 4290
3637528 4369
3649867 4504
3648403 4504
3655606 4499
3662625 4481
3678816 4428
3694739 4474
3687291 4381
3699558 4433
3706783 4579
3699386 4396
3691441 4313
3692136 4313
3689867 4327
3688755 4272
3686947 4271
3684016 4379
3698535 4247
3696663 4316
3688383 4261
3688766 4443
3687181 4318
3691004 4352
3707086 4420
3709488 4458
3702347 4359
3706089 4381
3717555 4355
3712604 4366
3706915 4407
3710547 4357
3724360 4402
3714953 4279
3718131 4382
3721444 4391
3719062 4381
3711256 4402
3735548 4401
3744089 4483
3738924 4399
3757606 4385
3767676 4401
3768629 4417
3778208 4416
3770314 4453
3767863 4343
3776999 4463
3771308 4512
3774059 4447
3779894 4410
3781116 4422
3786243 4321
3796102 4292
3783533 4355
3801479 4375
3793440 4390
3784079 4358
3788741 4369
3803722 4427
3800144 4425
3802727 4467
3791463 4460
3802671 4509
3789990 4524
3786861 4367
3787537 4411
3786914 4417
3778625 4427
3774659 4428
3774638 4374
3775184 4357
3777557 4447
3788645 4468
3769471 4425
3760702 4506
3761700 4430
3779894 4371
3789098 4377
3782228 4353
3774641 4387
3769478 4526
3772359 4490
3763481 4494
3768808 4410
3777374 4543
3780406 4628
3782043 4622
3778630 4503
3787858 4604
3791174 4391
3785562 4411
3776978 4414
3783380 4414
3775624 4461
3758432 4389
3767191 4371
3767170 4411
3760805 4400
3760521 4423
3763509 4361
